-1624269
-1682295
-922206
1932379
-170285
-12674
-1656952
1007617
-15973
1202625
1164668
617555
776763
1444702
1452833
-1895249
136029
-219840
-160523
-687483
-1287421
52614
1565186
1138680
1890424
-1952655
1434809
-465367
-1843965
-205254
1181139
1801964
-1217161
-1555984
38204
-1787327
-1269562
-516006
1325751
-1333404
-1935272
1566186
1725065
-1623046
-949686
684551
-668200
-494203
1869832
1114177
-1302099
-1957976
1333235
645727
1500205
1868774
1105867
-444022
117141
1651074
-271734
896144
375335
-217302
1809453
1848366
-1529798
-887486
-1291751
-202792
741857
-935964
1691255
-1267316
-115616
1283770
-1122057
955444
-1026253
1038853
-800346
1373996
-1214831
1633609
610945
-1398853
2062268
-912989
388640
947787
-576036
-827625
1726652
232873
-2034338
-1577541
122000
1787051
71091
1481621
583121
-563277
2107080
-1092086
-1274346
-898716
-655135
-1497549
-2060526
863602
-601577
492647
923546
-1967831
1163100
633013
-222125
1623699
-1565895
1233631
1840743
-1255180
649244
-906288
-258645
-140124
2017417
631117
550515
1092604
1768150
1446405
-323906
187088
152602
-1717110
-430282
-1383918
42943
298454
-1569190
870118
-1771826
-153681
-1222383
1277224
1258300
-693517
-649901
-484352
143208
-1777837
-2013013
-1731969
-861952
924530
2078854
-1106487
-1864719
-452987
1023840
-382509
807987
-663841
-1461782
-1244676
1008322
-1091535
1743856
-1097477
1225558
-229687
-1430387
892516
-776393
-1158309
364862
-185377
1121354
933124
1960998
-672900
-1734190
929310
-792207
-1392141
-1243493
-1622968
879811
-2135182
2125453
-1072764
-1105041
1918695
721512
-806326
-524349
297027
-1789826
-386721
753048
-1332673
-572541
1280670
954842
-556767
-1081803
-1907534
-649051
831471
300048
1343900
-217553
-375482
-1685939
-1600332
1033801
471033
2060265
414992
-470253
-2047132
-2033291
1653321
2095653
2031663
1752318
3282
2136589
-446419
901725
-83025
430376
1299050
-851291
-168503
-1600272
-59462
-301143
-546091
-294294
1500020
874002
-1778684
-726331
-175436
329207
2008625
-607316
563030
-1701931
1226763
356041
-924830
-575423
-1418929
-910042
2137983
-217418
-1718974
1824822
-1509337
152974
1783052
667227
-1619539
-1344989
-755900
1987782
-96915
1344064
-999403
-56646
-546545
405851
611223
589966
375896
1800108
-1318048
-403530
1453648
-1424195
-514035
-752311
-791728
-900192
1296443
1923201
-1281319
-240201
-1176628
1950909
-751891
-1575783
175223
186126
-265370
-1722712
508600
1684343
131129
-797710
-1414644
345392
-1890706
207645
323501
533587
1131009
-22856
-64985
-478231
952632
-1092466
1365878
-581816
9846
-702851
-1300343
2090486
-1970615
137369
1828424
-1056125
-1808559
-1830203
-99327
1086157
-693497
-1294411
-2001336
-1733582
1150095
729768
-172807
672485
1447817
1300381
864975
-1287851
-1259029
1474715
1932884
1771937
42506
-295386
-2018965
-235532
-753241
246080
832535
-1985130
-349758
64030
-781598
117867
2007977
-1502429
665401
-1186748
-1326410
-14279
-761297
-1879254
-702196
-1874998
-1814486
-1908530
810545
272496
1888331
964967
-187627
1896139
1803697
802958
1787776
-696510
167001
-486239
-229348
-1387689
571160
937476
-791054
852696
-1826678
577596
-1215928
53488
828347
1063735
-145652
-1882834
-1519976
225335
-1455577
-1687892
-56963
948603
384982
1820349
-376566
-111447
-526600
276394
-181362
-614955
-774937
272939
-1191133
-131265
1720278
1796024
861990
-787898
1016707
792784
1121414
456300
94707
1627326
1452261
571323
-1360341
1787738
1426181
-1310736
1926215
1851012
459969
-1081831
-892064
-1148668
525169
-344895
-502490
1254559
-147162
-2013067
-885585
423027
-708898
680776
-570357
-1349269
-529658
-1201676
1185616
248026
1111828
-724394
2114859
1478727
-1590400
1054536
1161169
1087475
-1439779
-1114970
-1149809
-982582
1994773
-589356
-1894341
1687238
854446
634033
-791285
-1478327
-48181
237179
437280
373367
357328
-569485
402891
1639779
-1602343
1685633
1705328
-572859
-1248642
-96598
1270295
-423920
-911212
-1926670
-1202437
-1847821
-1057675
983737
-100209
2132479
-2106509
718944
1661835
-655141
-67046
27937
-346396
590540
-106313
28089
-1440948
-609687
1184223
-8150
2112041
352509
-1629896
1909678
-901131
-1881021
1370555
1642528
558523
-2135833
-8187
1724936
-196955
2034614
300782
1101047
1750654
599480
-1457089
1733467
826435
531375
1859569
2120450
1139411
1874877
1016092
-1225405
-785037
1449289
1959051
1078724
-1472848
-1808207
719771
-1588026
-460129
1732873
7343
717734
-139136
1253947
596990
-783575
1666045
-1311394
-1372071
-455429
-1729626
-2035351
-1638643
933544
9537
462199
-1388639
1465582
-459488
-301175
1359884
2056165
-1042520
-13112
-1135026
-408964
1874346
-1874817
551372
-1453002
1533744
-1384490
-832405
-1249333
2071030
-558160
1420036
814652
7144
-1614548
-1997443
549834
-92002
-990109
1674909
-1867800
1005658
-1211844
833531
-2084303
-836523
-1690498
-1501802
1273968
630927
1360101
-400050
460793
2014634
801041
-1804165
-24393
-201881
-1717620
1323993
138050
-287071
-1504862
-616415
488771
1192756
-452497
1235934
1379736
-1050903
-1111158
-603558
576106
1705333
1763154
-2144352
-442018
2044671
1057151
2036503
1235316
1765808
-483804
-1481851
-964868
-1502700
-1359587
-208250
-1355622
843272
833986
2001377
1718466
-2002199
1957276
695247
2004551
-908235
227407
-1966478
-1825811
-1002486
563496
608557
-1265481
-513299
1907036
827770
-1966567
201250
628670
1116284
-1178486
676333
-1501008
-1108223
-1006473
-1374750
782510
-2141340
-2127494
-1735471
122707
1823846
-802490
887370
-1022639
-1741075
-1103035
-66549
717865
1802977
48714
399379
920406
1923652
-1925333
401121
1620341
-123763
1163163
1030758
1944903
-1501407
-1054349
78961
741212
309151
-626805
349031
331564
1434794
-986059
867331
2077683
-758574
-987703
-1872152
-2055383
-1856898
-989020
25751
927082
-1656410
787480
1469443
1225569
1040724
506344
992315
-1351126
-1865719
440871
-828171
-1243441
-1683197
-748907
1684203
-258530
571418
389657
-1526208
-2141289
257741
-1144066
-1152722
681776
238091
-2013997
-1363411
-75298
593088
-290757
-1112272
-775447
-898602
-705781
546124
-1987207
2099370
-2078120
339147
1078077
114797
-1321321
-1319484
165036
485628
-589827
-1437039
1411820
1524584
657255
102844
-2016442
-1899288
-1843359
-1691379
-1123715
1057126
-638248
49120
1532698
-1185704
1296503
784668
-1987134
-867033
-2016292
-1729212
974082
1567119
-986984
1966078
-802947
-1247774
1964240
858289
-535826
-478519
-151599
-433987
-1588298
-1296453
1411423
37489
-434749
2098043
1355739
-1464996
1962957
-720342
-282283
-2111400
-1852329
-209770
-1632770
1982495
-2137424
-1989773
-425739
-1100273
656504
-1419895
274286
603106
-1781304
-523423
-459867
537175
1203907
1456435
-724632
-128946
976020
892196
-1877067
1523709
-1748899
-798926
-1009051
-863136
871727
-360880
1843786
848027
-791852
-188069
-1231903
1592541
2040497
417545
-1714608
-847351
-1310252
1958553
816558
1768056
83615
2085926
1414163
-1305530
-1237866
-2121956
-1755035
1298487
1435663
1875271
-1594335
420409
-601092
-1522275
-392160
1904967
102042
1434506
2128918
1161760
-1779720
1026352
-704330
333748
457382
1965245
802545
-465728
1269053
-618258
-318391
583746
989360
-191641
508074
1511558
-40030
178443
483616
392703
2020212
1066459
1130268
-1535949
-475448
-348715
-1887384
698739
-1579406
2014078
-1660615
-1492965
-1618704
651621
-1391664
758150
-234056
-1007483
-408486
235055
-1562902
1367723
-1622999
-695272
-1000723
-1719304
1964737
-1183657
-2079497
-1084366
-504873
-1692670
-552278
1527676
1198928
-1662476
31961
-704219
-1336783
-924650
-671101
-204457
-210610
941765
1508347
1191893
1404794
-31997
-1539405
-665279
78230
-906908
-1782097
-1711169
-1091124
-1187144
-60309
212945
-1182880
-21514
-142498
-1758420
-1262351
1094127
2103560
435999
-1885257
-49904
32485
-1861473
-2008388
-1870209
-1043881
1898339
912280
-1854304
725080
1231952
509215
903684
1764749
1346613
290872
217274
1190769
-209034
-710928
2102124
-1340950
-711039
152876
-1219496
1768112
-51912
-1249280
491512
-782439
1785281
1243808
1847701
-524464
1089978
121181
-1456883
2056499
496264
-786898
771108
1736906
-1461337
-1624269
-1682295
-922206
1932379
-170285
-12674
-1656952
1007617
-15973
1202625
1164668
617555
776763
1444702
1452833
-1895249
136029
-219840
-160523
-687483
-1287421
52614
1565186
1138680
1890424
-1952655
1434809
-465367
-1843965
-205254
1181139
1801964
-1217161
-1555984
38204
-1787327
-1269562
-516006
1325751
-1333404
-1935272
1566186
1725065
-1623046
-949686
684551
-668200
-494203
1869832
1114177
-1302099
-1957976
1333235
645727
1500205
1868774
1105867
-444022
117141
1651074
-271734
896144
375335
-217302
1809453
1848366
-1529798
-887486
-1291751
-202792
741857
-935964
1691255
-1267316
-115616
1283770
-1122057
955444
-1026253
1038853
-800346
1373996
-1214831
1633609
610945
-1398853
2062268
-912989
388640
947787
-576036
-827625
1726652
232873
-2034338
-1577541
122000
1787051
71091
1481621
583121
-563277
2107080
-1092086
-1274346
-898716
-655135
-1497549
-2060526
863602
-601577
492647
923546
-1967831
1163100
633013
-222125
1623699
-1565895
1233631
1840743
-1255180
649244
-906288
-258645
-140124
2017417
631117
550515
1092604
1768150
1446405
-323906
187088
152602
-1717110
-430282
-1383918
42943
298454
-1569190
870118
-1771826
-153681
-1222383
1277224
1258300
-693517
-649901
-484352
143208
-1777837
-2013013
-1731969
-861952
924530
2078854
-1106487
-1864719
-452987
1023840
-382509
807987
-663841
-1461782
-1244676
1008322
-1091535
1743856
-1097477
1225558
-229687
-1430387
892516
-776393
-1158309
364862
-185377
1121354
933124
1960998
-672900
-1734190
929310
-792207
-1392141
-1243493
-1622968
879811
-2135182
2125453
-1072764
-1105041
1918695
721512
-806326
-524349
297027
-1789826
-386721
753048
-1332673
-572541
1280670
954842
-556767
-1081803
-1907534
-649051
831471
300048
1343900
-217553
-375482
-1685939
-1600332
1033801
471033
2060265
414992
-470253
-2047132
-2033291
1653321
2095653
2031663
1752318
3282
2136589
-446419
901725
-83025
430376
1299050
-851291
-168503
-1600272
-59462
-301143
-546091
-294294
1500020
874002
-1778684
-726331
-175436
329207
2008625
-607316
563030
-1701931
1226763
356041
-924830
-575423
-1418929
-910042
2137983
-217418
-1718974
1824822
-1509337
152974
1783052
667227
-1619539
-1344989
-755900
1987782
-96915
1344064
-999403
-56646
-546545
405851
611223
589966
375896
1800108
-1318048
-403530
1453648
-1424195
-514035
-752311
-791728
-900192
1296443
1923201
-1281319
-240201
-1176628
1950909
-751891
-1575783
175223
186126
-265370
-1722712
508600
1684343
131129
-797710
-1414644
345392
-1890706
207645
323501
533587
1131009
-22856
-64985
-478231
952632
-1092466
1365878
-581816
9846
-702851
-1300343
2090486
-1970615
137369
1828424
-1056125
-1808559
-1830203
-99327
1086157
-693497
-1294411
-2001336
-1733582
1150095
729768
-172807
672485
1447817
1300381
864975
-1287851
-1259029
1474715
1932884
1771937
42506
-295386
-2018965
-235532
-753241
246080
832535
-1985130
-349758
64030
-781598
117867
2007977
-1502429
665401
-1186748
-1326410
-14279
-761297
-1879254
-702196
-1874998
-1814486
-1908530
810545
272496
1888331
964967
-187627
1896139
1803697
802958
1787776
-696510
167001
-486239
-229348
-1387689
571160
937476
-791054
852696
-1826678
577596
-1215928
53488
828347
1063735
-145652
-1882834
-1519976
225335
-1455577
-1687892
-56963
948603
384982
1820349
-376566
-111447
-526600
276394
-181362
-614955
-774937
272939
-1191133
-131265
1720278
1796024
861990
-787898
1016707
792784
1121414
456300
94707
1627326
1452261
571323
-1360341
1787738
1426181
-1310736
1926215
1851012
459969
-1081831
-892064
-1148668
525169
-344895
-502490
1254559
-147162
-2013067
-885585
423027
-708898
680776
-570357
-1349269
-529658
-1201676
1185616
248026
1111828
-724394
2114859
1478727
-1590400
1054536
1161169
1087475
-1439779
-1114970
-1149809
-982582
1994773
-589356
-1894341
1687238
854446
634033
-791285
-1478327
-48181
237179
437280
373367
357328
-569485
402891
1639779
-1602343
1685633
1705328
-572859
-1248642
-96598
1270295
-423920
-911212
-1926670
-1202437
-1847821
-1057675
983737
-100209
2132479
-2106509
718944
1661835
-655141
-67046
27937
-346396
590540
-106313
28089
-1440948
-609687
1184223
-8150
2112041
352509
-1629896
1909678
-901131
-1881021
1370555
1642528
558523
-2135833
-8187
1724936
-196955
2034614
300782
1101047
1750654
599480
-1457089
1733467
826435
531375
1859569
2120450
1139411
1874877
1016092
-1225405
-785037
1449289
1959051
1078724
-1472848
-1808207
719771
-1588026
-460129
1732873
7343
717734
-139136
1253947
596990
-783575
1666045
-1311394
-1372071
-455429
-1729626
-2035351
-1638643
933544
9537
462199
-1388639
1465582
-459488
-301175
1359884
2056165
-1042520
-13112
-1135026
-408964
1874346
-1874817
551372
-1453002
1533744
-1384490
-832405
-1249333
2071030
-558160
1420036
814652
7144
-1614548
-1997443
549834
-92002
-990109
1674909
-1867800
1005658
-1211844
833531
-2084303
-836523
-1690498
-1501802
1273968
630927
1360101
-400050
460793
2014634
801041
-1804165
-24393
-201881
-1717620
1323993
138050
-287071
-1504862
-616415
488771
1192756
-452497
1235934
1379736
-1050903
-1111158
-603558
576106
1705333
1763154
-2144352
-442018
2044671
1057151
2036503
1235316
1765808
-483804
-1481851
-964868
-1502700
-1359587
-208250
-1355622
843272
833986
2001377
1718466
-2002199
1957276
695247
2004551
-908235
227407
-1966478
-1825811
-1002486
563496
608557
-1265481
-513299
1907036
827770
-1966567
201250
628670
1116284
-1178486
676333
-1501008
-1108223
-1006473
-1374750
782510
-2141340
-2127494
-1735471
122707
1823846
-802490
887370
-1022639
-1741075
-1103035
-66549
717865
1802977
48714
399379
920406
1923652
-1925333
401121
1620341
-123763
1163163
1030758
1944903
-1501407
-1054349
78961
741212
309151
-626805
349031
331564
1434794
-986059
867331
2077683
-758574
-987703
-1872152
-2055383
-1856898
-989020
25751
927082
-1656410
787480
1469443
1225569
1040724
506344
992315
-1351126
-1865719
440871
-828171
-1243441
-1683197
-748907
1684203
-258530
571418
389657
-1526208
-2141289
257741
-1144066
-1152722
681776
238091
-2013997
-1363411
-75298
593088
-290757
-1112272
-775447
-898602
-705781
546124
-1987207
2099370
-2078120
339147
1078077
114797
-1321321
-1319484
165036
485628
-589827
-1437039
1411820
1524584
657255
102844
-2016442
-1899288
-1843359
-1691379
-1123715
1057126
-638248
49120
1532698
-1185704
1296503
784668
-1987134
-867033
-2016292
-1729212
974082
1567119
-986984
1966078
-802947
-1247774
1964240
858289
-535826
-478519
-151599
-433987
-1588298
-1296453
1411423
37489
-434749
2098043
1355739
-1464996
1962957
-720342
-282283
-2111400
-1852329
-209770
-1632770
1982495
-2137424
-1989773
-425739
-1100273
656504
-1419895
274286
603106
-1781304
-523423
-459867
537175
1203907
1456435
-724632
-128946
976020
892196
-1877067
1523709
-1748899
-798926
-1009051
-863136
871727
-360880
1843786
848027
-791852
-188069
-1231903
1592541
2040497
417545
-1714608
-847351
-1310252
1958553
816558
1768056
83615
2085926
1414163
-1305530
-1237866
-2121956
-1755035
1298487
1435663
1875271
-1594335
420409
-601092
-1522275
-392160
1904967
102042
1434506
2128918
1161760
-1779720
1026352
-704330
333748
457382
1965245
802545
-465728
1269053
-618258
-318391
583746
989360
-191641
508074
1511558
-40030
178443
483616
392703
2020212
1066459
1130268
-1535949
-475448
-348715
-1887384
698739
-1579406
2014078
-1660615
-1492965
-1618704
651621
-1391664
758150
-234056
-1007483
-408486
235055
-1562902
1367723
-1622999
-695272
-1000723
-1719304
1964737
-1183657
-2079497
-1084366
-504873
-1692670
-552278
1527676
1198928
-1662476
31961
-704219
-1336783
-924650
-671101
-204457
-210610
941765
1508347
1191893
1404794
-31997
-1539405
-665279
78230
-906908
-1782097
-1711169
-1091124
-1187144
-60309
212945
-1182880
-21514
-142498
-1758420
-1262351
1094127
2103560
435999
-1885257
-49904
32485
-1861473
-2008388
-1870209
-1043881
1898339
912280
-1854304
725080
1231952
509215
903684
1764749
1346613
290872
217274
1190769
-209034
-710928
2102124
-1340950
-711039
152876
-1219496
1768112
-51912
-1249280
491512
-782439
1785281
1243808
1847701
-524464
1089978
121181
-1456883
2056499
496264
-786898
771108
1736906
-1461337
-1624269
-1682295
-922206
1932379
-170285
-12674
-1656952
1007617
-15973
1202625
1164668
617555
776763
1444702
1452833
-1895249
136029
-219840
-160523
-687483
-1287421
52614
1565186
1138680
1890424
-1952655
1434809
-465367
-1843965
-205254
1181139
1801964
-1217161
-1555984
38204
-1787327
-1269562
-516006
1325751
-1333404
-1935272
1566186
1725065
-1623046
-949686
684551
-668200
-494203
1869832
1114177
-1302099
-1957976
1333235
645727
1500205
1868774
1105867
-444022
117141
1651074
-271734
896144
375335
-217302
1809453
1848366
-1529798
-887486
-1291751
-202792
741857
-935964
1691255
-1267316
-115616
1283770
-1122057
955444
-1026253
1038853
-800346
1373996
-1214831
1633609
610945
-1398853
2062268
-912989
388640
947787
-576036
-827625
1726652
232873
-2034338
-1577541
122000
1787051
71091
1481621
583121
-563277
2107080
-1092086
-1274346
-898716
-655135
-1497549
-2060526
863602
-601577
492647
923546
-1967831
1163100
633013
-222125
1623699
-1565895
1233631
1840743
-1255180
649244
-906288
-258645
-140124
2017417
631117
550515
1092604
1768150
1446405
-323906
187088
152602
-1717110
-430282
-1383918
42943
298454
-1569190
870118
-1771826
-153681
-1222383
1277224
1258300
-693517
-649901
-484352
143208
-1777837
-2013013
-1731969
-861952
924530
2078854
-1106487
-1864719
-452987
1023840
-382509
807987
-663841
-1461782
-1244676
1008322
-1091535
1743856
-1097477
1225558
-229687
-1430387
892516
-776393
-1158309
364862
-185377
1121354
933124
1960998
-672900
-1734190
929310
-792207
-1392141
-1243493
-1622968
879811
-2135182
2125453
-1072764
-1105041
1918695
721512
-806326
-524349
297027
-1789826
-386721
753048
-1332673
-572541
1280670
954842
-556767
-1081803
-1907534
-649051
831471
300048
1343900
-217553
-375482
-1685939
-1600332
1033801
471033
2060265
414992
-470253
-2047132
-2033291
1653321
2095653
2031663
1752318
3282
2136589
-446419
901725
-83025
430376
1299050
-851291
-168503
-1600272
-59462
-301143
-546091
-294294
1500020
874002
-1778684
-726331
-175436
329207
2008625
-607316
563030
-1701931
1226763
356041
-924830
-575423
-1418929
-910042
2137983
-217418
-1718974
1824822
-1509337
152974
1783052
667227
-1619539
-1344989
-755900
1987782
-96915
1344064
-999403
-56646
-546545
405851
611223
589966
375896
1800108
-1318048
-403530
1453648
-1424195
-514035
-752311
-791728
-900192
1296443
1923201
-1281319
-240201
-1176628
1950909
-751891
-1575783
175223
186126
-265370
-1722712
508600
1684343
131129
-797710
-1414644
345392
-1890706
207645
323501
533587
1131009
-22856
-64985
-478231
952632
-1092466
1365878
-581816
9846
-702851
-1300343
2090486
-1970615
137369
1828424
-1056125
-1808559
-1830203
-99327
1086157
-693497
-1294411
-2001336
-1733582
1150095
729768
-172807
672485
1447817
1300381
864975
-1287851
-1259029
1474715
1932884
1771937
42506
-295386
-2018965
-235532
-753241
246080
832535
-1985130
-349758
64030
-781598
117867
2007977
-1502429
665401
-1186748
-1326410
-14279
-761297
-1879254
-702196
-1874998
-1814486
-1908530
810545
272496
1888331
964967
-187627
1896139
1803697
802958
1787776
-696510
167001
-486239
-229348
-1387689
571160
937476
-791054
852696
-1826678
577596
-1215928
53488
828347
1063735
-145652
-1882834
-1519976
225335
-1455577
-1687892
-56963
948603
384982
1820349
-376566
-111447
-526600
276394
-181362
-614955
-774937
272939
-1191133
-131265
1720278
1796024
861990
-787898
1016707
792784
1121414
456300
94707
1627326
1452261
571323
-1360341
1787738
1426181
-1310736
1926215
1851012
459969
-1081831
-892064
-1148668
525169
-344895
-502490
1254559
-147162
-2013067
-885585
423027
-708898
680776
-570357
-1349269
-529658
-1201676
1185616
248026
1111828
-724394
2114859
1478727
-1590400
1054536
1161169
1087475
-1439779
-1114970
-1149809
-982582
1994773
-589356
-1894341
1687238
854446
634033
-791285
-1478327
-48181
237179
437280
373367
357328
-569485
402891
1639779
-1602343
1685633
1705328
-572859
-1248642
-96598
1270295
-423920
-911212
-1926670
-1202437
-1847821
-1057675
983737
-100209
2132479
-2106509
718944
1661835
-655141
-67046
27937
-346396
590540
-106313
28089
-1440948
-609687
1184223
-8150
2112041
352509
-1629896
1909678
-901131
-1881021
1370555
1642528
558523
-2135833
-8187
1724936
-196955
2034614
300782
1101047
1750654
599480
-1457089
1733467
826435
531375
1859569
2120450
1139411
1874877
1016092
-1225405
-785037
1449289
1959051
1078724
-1472848
-1808207
719771
-1588026
-460129
1732873
7343
717734
-139136
1253947
596990
-783575
1666045
-1311394
-1372071
-455429
-1729626
-2035351
-1638643
933544
9537
462199
-1388639
1465582
-459488
-301175
1359884
2056165
-1042520
-13112
-1135026
-408964
1874346
-1874817
551372
-1453002
1533744
-1384490
-832405
-1249333
2071030
-558160
1420036
814652
7144
-1614548
-1997443
549834
-92002
-990109
1674909
-1867800
1005658
-1211844
833531
-2084303
-836523
-1690498
-1501802
1273968
630927
1360101
-400050
460793
2014634
801041
-1804165
-24393
-201881
-1717620
1323993
138050
-287071
-1504862
-616415
488771
1192756
-452497
1235934
1379736
-1050903
-1111158
-603558
576106
1705333
1763154
-2144352
-442018
2044671
1057151
2036503
1235316
1765808
-483804
-1481851
-964868
-1502700
-1359587
-208250
-1355622
843272
833986
2001377
1718466
-2002199
1957276
695247
2004551
-908235
227407
-1966478
-1825811
-1002486
563496
608557
-1265481
-513299
1907036
827770
-1966567
201250
628670
1116284
-1178486
676333
-1501008
-1108223
-1006473
-1374750
782510
-2141340
-2127494
-1735471
122707
1823846
-802490
887370
-1022639
-1741075
-1103035
-66549
717865
1802977
48714
399379
920406
1923652
-1925333
401121
1620341
-123763
1163163
1030758
1944903
-1501407
-1054349
78961
741212
309151
-626805
349031
331564
1434794
-986059
867331
2077683
-758574
-987703
-1872152
-2055383
-1856898
-989020
25751
927082
-1656410
787480
1469443
1225569
1040724
506344
992315
-1351126
-1865719
440871
-828171
-1243441
-1683197
-748907
1684203
-258530
571418
389657
-1526208
-2141289
257741
-1144066
-1152722
681776
238091
-2013997
-1363411
-75298
593088
-290757
-1112272
-775447
-898602
-705781
546124
-1987207
2099370
-2078120
339147
1078077
114797
-1321321
-1319484
165036
485628
-589827
-1437039
1411820
1524584
657255
102844
-2016442
-1899288
-1843359
-1691379
-1123715
1057126
-638248
49120
1532698
-1185704
1296503
784668
-1987134
-867033
-2016292
-1729212
974082
1567119
-986984
1966078
-802947
-1247774
1964240
858289
-535826
-478519
-151599
-433987
-1588298
-1296453
1411423
37489
-434749
2098043
1355739
-1464996
1962957
-720342
-282283
-2111400
-1852329
-209770
-1632770
1982495
-2137424
-1989773
-425739
-1100273
656504
-1419895
274286
603106
-1781304
-523423
-459867
537175
1203907
1456435
-724632
-128946
976020
892196
-1877067
1523709
-1748899
-798926
-1009051
-863136
871727
-360880
1843786
848027
-791852
-188069
-1231903
1592541
2040497
417545
-1714608
-847351
-1310252
1958553
816558
1768056
83615
2085926
1414163
-1305530
-1237866
-2121956
-1755035
1298487
1435663
1875271
-1594335
420409
-601092
-1522275
-392160
1904967
102042
1434506
2128918
1161760
-1779720
1026352
-704330
333748
457382
1965245
802545
-465728
1269053
-618258
-318391
583746
989360
-191641
508074
1511558
-40030
178443
483616
392703
2020212
1066459
1130268
-1535949
-475448
-348715
-1887384
698739
-1579406
2014078
-1660615
-1492965
-1618704
651621
-1391664
758150
-234056
-1007483
-408486
235055
-1562902
1367723
-1622999
-695272
-1000723
-1719304
1964737
-1183657
-2079497
-1084366
-504873
-1692670
-552278
1527676
1198928
-1662476
31961
-704219
-1336783
-924650
-671101
-204457
-210610
941765
1508347
1191893
1404794
-31997
-1539405
-665279
78230
-906908
-1782097
-1711169
-1091124
-1187144
-60309
212945
-1182880
-21514
-142498
-1758420
-1262351
1094127
2103560
435999
-1885257
-49904
32485
-1861473
-2008388
-1870209
-1043881
1898339
912280
-1854304
725080
1231952
509215
903684
1764749
1346613
290872
217274
1190769
-209034
-710928
2102124
-1340950
-711039
152876
-1219496
1768112
-51912
-1249280
491512
-782439
1785281
1243808
1847701
-524464
1089978
121181
-1456883
2056499
496264
-786898
771108
1736906
-1461337
-1624269
-1682295
-922206
1932379
-170285
-12674
-1656952
1007617
-15973
1202625
1164668
617555
776763
1444702
1452833
-1895249
136029
-219840
-160523
-687483
-1287421
52614
1565186
1138680
1890424
-1952655
1434809
-465367
-1843965
-205254
1181139
1801964
-1217161
-1555984
38204
-1787327
-1269562
-516006
1325751
-1333404
-1935272
1566186
1725065
-1623046
-949686
684551
-668200
-494203
1869832
1114177
-1302099
-1957976
1333235
645727
1500205
1868774
1105867
-444022
117141
1651074
-271734
896144
375335
-217302
1809453
1848366
-1529798
-887486
-1291751
-202792
741857
-935964
1691255
-1267316
-115616
1283770
-1122057
955444
-1026253
1038853
-800346
1373996
-1214831
1633609
610945
-1398853
2062268
-912989
388640
947787
-576036
-827625
1726652
232873
-2034338
-1577541
122000
1787051
71091
1481621
583121
-563277
2107080
-1092086
-1274346
-898716
-655135
-1497549
-2060526
863602
-601577
492647
923546
-1967831
1163100
633013
-222125
1623699
-1565895
1233631
1840743
-1255180
649244
-906288
-258645
-140124
2017417
631117
550515
1092604
1768150
1446405
-323906
187088
152602
-1717110
-430282
-1383918
42943
298454
-1569190
870118
-1771826
-153681
-1222383
1277224
1258300
-693517
-649901
-484352
143208
-1777837
-2013013
-1731969
-861952
924530
2078854
-1106487
-1864719
-452987
1023840
-382509
807987
-663841
-1461782
-1244676
1008322
-1091535
1743856
-1097477
1225558
-229687
-1430387
892516
-776393
-1158309
364862
-185377
1121354
933124
1960998
-672900
-1734190
929310
-792207
-1392141
-1243493
-1622968
879811
-2135182
2125453
-1072764
-1105041
1918695
721512
-806326
-524349
297027
-1789826
-386721
753048
-1332673
-572541
1280670
954842
-556767
-1081803
-1907534
-649051
831471
300048
1343900
-217553
-375482
-1685939
-1600332
1033801
471033
2060265
414992
-470253
-2047132
-2033291
1653321
2095653
2031663
1752318
3282
2136589
-446419
901725
-83025
430376
1299050
-851291
-168503
-1600272
-59462
-301143
-546091
-294294
1500020
874002
-1778684
-726331
-175436
329207
2008625
-607316
563030
-1701931
1226763
356041
-924830
-575423
-1418929
-910042
2137983
-217418
-1718974
1824822
-1509337
152974
1783052
667227
-1619539
-1344989
-755900
1987782
-96915
1344064
-999403
-56646
-546545
405851
611223
589966
375896
1800108
-1318048
-403530
1453648
-1424195
-514035
-752311
-791728
-900192
1296443
1923201
-1281319
-240201
-1176628
1950909
-751891
-1575783
175223
186126
-265370
-1722712
508600
1684343
131129
-797710
-1414644
345392
-1890706
207645
323501
533587
1131009
-22856
-64985
-478231
952632
-1092466
1365878
-581816
9846
-702851
-1300343
2090486
-1970615
137369
1828424
-1056125
-1808559
-1830203
-99327
1086157
-693497
-1294411
-2001336
-1733582
1150095
729768
-172807
672485
1447817
1300381
864975
-1287851
-1259029
1474715
1932884
1771937
42506
-295386
-2018965
-235532
-753241
246080
832535
-1985130
-349758
64030
-781598
117867
2007977
-1502429
665401
-1186748
-1326410
-14279
-761297
-1879254
-702196
-1874998
-1814486
-1908530
810545
272496
1888331
964967
-187627
1896139
1803697
802958
1787776
-696510
167001
-486239
-229348
-1387689
571160
937476
-791054
852696
-1826678
577596
-1215928
53488
828347
1063735
-145652
-1882834
-1519976
225335
-1455577
-1687892
-56963
948603
384982
1820349
-376566
-111447
-526600
276394
-181362
-614955
-774937
272939
-1191133
-131265
1720278
1796024
861990
-787898
1016707
792784
1121414
456300
94707
1627326
1452261
571323
-1360341
1787738
1426181
-1310736
1926215
1851012
459969
-1081831
-892064
-1148668
525169
-344895
-502490
1254559
-147162
-2013067
-885585
423027
-708898
680776
-570357
-1349269
-529658
-1201676
1185616
248026
1111828
-724394
2114859
1478727
-1590400
1054536
1161169
1087475
-1439779
-1114970
-1149809
-982582
1994773
-589356
-1894341
1687238
854446
634033
-791285
-1478327
-48181
237179
437280
373367
357328
-569485
402891
1639779
-1602343
1685633
1705328
-572859
-1248642
-96598
1270295
-423920
-911212
-1926670
-1202437
-1847821
-1057675
983737
-100209
2132479
-2106509
718944
1661835
-655141
-67046
27937
-346396
590540
-106313
28089
-1440948
-609687
1184223
-8150
2112041
352509
-1629896
1909678
-901131
-1881021
1370555
1642528
558523
-2135833
-8187
1724936
-196955
2034614
300782
1101047
1750654
599480
-1457089
1733467
826435
531375
1859569
2120450
1139411
1874877
1016092
-1225405
-785037
1449289
1959051
1078724
-1472848
-1808207
719771
-1588026
-460129
1732873
7343
717734
-139136
1253947
596990
-783575
1666045
-1311394
-1372071
-455429
-1729626
-2035351
-1638643
933544
9537
462199
-1388639
1465582
-459488
-301175
1359884
2056165
-1042520
-13112
-1135026
-408964
1874346
-1874817
551372
-1453002
1533744
-1384490
-832405
-1249333
2071030
-558160
1420036
814652
7144
-1614548
-1997443
549834
-92002
-990109
1674909
-1867800
1005658
-1211844
833531
-2084303
-836523
-1690498
-1501802
1273968
630927
1360101
-400050
460793
2014634
801041
-1804165
-24393
-201881
-1717620
1323993
138050
-287071
-1504862
-616415
488771
1192756
-452497
1235934
1379736
-1050903
-1111158
-603558
576106
1705333
1763154
-2144352
-442018
2044671
1057151
2036503
1235316
1765808
-483804
-1481851
-964868
-1502700
-1359587
-208250
-1355622
843272
833986
2001377
1718466
-2002199
1957276
695247
2004551
-908235
227407
-1966478
-1825811
-1002486
563496
608557
-1265481
-513299
1907036
827770
-1966567
201250
628670
1116284
-1178486
676333
-1501008
-1108223
-1006473
-1374750
782510
-2141340
-2127494
-1735471
122707
1823846
-802490
887370
-1022639
-1741075
-1103035
-66549
717865
1802977
48714
399379
920406
1923652
-1925333
401121
1620341
-123763
1163163
1030758
1944903
-1501407
-1054349
78961
741212
309151
-626805
349031
331564
1434794
-986059
867331
2077683
-758574
-987703
-1872152
-2055383
-1856898
-989020
25751
927082
-1656410
787480
1469443
1225569
1040724
506344
992315
-1351126
-1865719
440871
-828171
-1243441
-1683197
-748907
1684203
-258530
571418
389657
-1526208
-2141289
257741
-1144066
-1152722
681776
238091
-2013997
-1363411
-75298
593088
-290757
-1112272
-775447
-898602
-705781
546124
-1987207
2099370
-2078120
339147
1078077
114797
-1321321
-1319484
165036
485628
-589827
-1437039
1411820
1524584
657255
102844
-2016442
-1899288
-1843359
-1691379
-1123715
1057126
-638248
49120
1532698
-1185704
1296503
784668
-1987134
-867033
-2016292
-1729212
974082
1567119
-986984
1966078
-802947
-1247774
1964240
858289
-535826
-478519
-151599
-433987
-1588298
-1296453
1411423
37489
-434749
2098043
1355739
-1464996
1962957
-720342
-282283
-2111400
-1852329
-209770
-1632770
1982495
-2137424
-1989773
-425739
-1100273
656504
-1419895
274286
603106
-1781304
-523423
-459867
537175
1203907
1456435
-724632
-128946
976020
892196
-1877067
1523709
-1748899
-798926
-1009051
-863136
871727
-360880
1843786
848027
-791852
-188069
-1231903
1592541
2040497
417545
-1714608
-847351
-1310252
1958553
816558
1768056
83615
2085926
1414163
-1305530
-1237866
-2121956
-1755035
1298487
1435663
1875271
-1594335
420409
-601092
-1522275
-392160
1904967
102042
1434506
2128918
1161760
-1779720
1026352
-704330
333748
457382
1965245
802545
-465728
1269053
-618258
-318391
583746
989360
-191641
508074
1511558
-40030
178443
483616
392703
2020212
1066459
1130268
-1535949
-475448
-348715
-1887384
698739
-1579406
2014078
-1660615
-1492965
-1618704
651621
-1391664
758150
-234056
-1007483
-408486
235055
-1562902
1367723
-1622999
-695272
-1000723
-1719304
1964737
-1183657
-2079497
-1084366
-504873
-1692670
-552278
1527676
1198928
-1662476
31961
-704219
-1336783
-924650
-671101
-204457
-210610
941765
1508347
1191893
1404794
-31997
-1539405
-665279
78230
-906908
-1782097
-1711169
-1091124
-1187144
-60309
212945
-1182880
-21514
-142498
-1758420
-1262351
1094127
2103560
435999
-1885257
-49904
32485
-1861473
-2008388
-1870209
-1043881
1898339
912280
-1854304
725080
1231952
509215
903684
1764749
1346613
290872
217274
1190769
-209034
-710928
2102124
-1340950
-711039
152876
-1219496
1768112
-51912
-1249280
491512
-782439
1785281
1243808
1847701
-524464
1089978
121181
-1456883
2056499
496264
-786898
771108
1736906
-1461337
-1624269
-1682295
-922206
1932379
-170285
-12674
-1656952
1007617
-15973
1202625
1164668
617555
776763
1444702
1452833
-1895249
136029
-219840
-160523
-687483
-1287421
52614
1565186
1138680
1890424
-1952655
1434809
-465367
-1843965
-205254
1181139
1801964
-1217161
-1555984
38204
-1787327
-1269562
-516006
1325751
-1333404
-1935272
1566186
1725065
-1623046
-949686
684551
-668200
-494203
1869832
1114177
-1302099
-1957976
1333235
645727
1500205
1868774
1105867
-444022
117141
1651074
-271734
896144
375335
-217302
1809453
1848366
-1529798
-887486
-1291751
-202792
741857
-935964
1691255
-1267316
-115616
1283770
-1122057
955444
-1026253
1038853
-800346
1373996
-1214831
1633609
610945
-1398853
2062268
-912989
388640
947787
-576036
-827625
1726652
232873
-2034338
-1577541
122000
1787051
71091
1481621
583121
-563277
2107080
-1092086
-1274346
-898716
-655135
-1497549
-2060526
863602
-601577
492647
923546
-1967831
1163100
633013
-222125
1623699
-1565895
1233631
1840743
-1255180
649244
-906288
-258645
-140124
2017417
631117
550515
1092604
1768150
1446405
-323906
187088
152602
-1717110
-430282
-1383918
42943
298454
-1569190
870118
-1771826
-153681
-1222383
1277224
1258300
-693517
-649901
-484352
143208
-1777837
-2013013
-1731969
-861952
924530
2078854
-1106487
-1864719
-452987
1023840
-382509
807987
-663841
-1461782
-1244676
1008322
-1091535
1743856
-1097477
1225558
-229687
-1430387
892516
-776393
-1158309
364862
-185377
1121354
933124
1960998
-672900
-1734190
929310
-792207
-1392141
-1243493
-1622968
879811
-2135182
2125453
-1072764
-1105041
1918695
721512
-806326
-524349
297027
-1789826
-386721
753048
-1332673
-572541
1280670
954842
-556767
-1081803
-1907534
-649051
831471
300048
1343900
-217553
-375482
-1685939
-1600332
1033801
471033
2060265
414992
-470253
-2047132
-2033291
1653321
2095653
2031663
1752318
3282
2136589
-446419
901725
-83025
430376
1299050
-851291
-168503
-1600272
-59462
-301143
-546091
-294294
1500020
874002
-1778684
-726331
-175436
329207
2008625
-607316
563030
-1701931
1226763
356041
-924830
-575423
-1418929
-910042
2137983
-217418
-1718974
1824822
-1509337
152974
1783052
667227
-1619539
-1344989
-755900
1987782
-96915
1344064
-999403
-56646
-546545
405851
611223
589966
375896
1800108
-1318048
-403530
1453648
-1424195
-514035
-752311
-791728
-900192
1296443
1923201
-1281319
-240201
-1176628
1950909
-751891
-1575783
175223
186126
-265370
-1722712
508600
1684343
131129
-797710
-1414644
345392
-1890706
207645
323501
533587
1131009
-22856
-64985
-478231
952632
-1092466
1365878
-581816
9846
-702851
-1300343
2090486
-1970615
137369
1828424
-1056125
-1808559
-1830203
-99327
1086157
-693497
-1294411
-2001336
-1733582
1150095
729768
-172807
672485
1447817
1300381
864975
-1287851
-1259029
1474715
1932884
1771937
42506
-295386
-2018965
-235532
-753241
246080
832535
-1985130
-349758
64030
-781598
117867
2007977
-1502429
665401
-1186748
-1326410
-14279
-761297
-1879254
-702196
-1874998
-1814486
-1908530
810545
272496
1888331
964967
-187627
1896139
1803697
802958
1787776
-696510
167001
-486239
-229348
-1387689
571160
937476
-791054
852696
-1826678
577596
-1215928
53488
828347
1063735
-145652
-1882834
-1519976
225335
-1455577
-1687892
-56963
948603
384982
1820349
-376566
-111447
-526600
276394
-181362
-614955
-774937
272939
-1191133
-131265
1720278
1796024
861990
-787898
1016707
792784
1121414
456300
94707
1627326
1452261
571323
-1360341
1787738
1426181
-1310736
1926215
1851012
459969
-1081831
-892064
-1148668
525169
-344895
-502490
1254559
-147162
-2013067
-885585
423027
-708898
680776
-570357
-1349269
-529658
-1201676
1185616
248026
1111828
-724394
2114859
1478727
-1590400
1054536
1161169
1087475
-1439779
-1114970
-1149809
-982582
1994773
-589356
-1894341
1687238
854446
634033
-791285
-1478327
-48181
237179
437280
373367
357328
-569485
402891
1639779
-1602343
1685633
1705328
-572859
-1248642
-96598
1270295
-423920
-911212
-1926670
-1202437
-1847821
-1057675
983737
-100209
2132479
-2106509
718944
1661835
-655141
-67046
27937
-346396
590540
-106313
28089
-1440948
-609687
1184223
-8150
2112041
352509
-1629896
1909678
-901131
-1881021
1370555
1642528
558523
-2135833
-8187
1724936
-196955
2034614
300782
1101047
1750654
599480
-1457089
1733467
826435
531375
1859569
2120450
1139411
1874877
1016092
-1225405
-785037
1449289
1959051
1078724
-1472848
-1808207
719771
-1588026
-460129
1732873
7343
717734
-139136
1253947
596990
-783575
1666045
-1311394
-1372071
-455429
-1729626
-2035351
-1638643
933544
9537
462199
-1388639
1465582
-459488
-301175
1359884
2056165
-1042520
-13112
-1135026
-408964
1874346
-1874817
551372
-1453002
1533744
-1384490
-832405
-1249333
2071030
-558160
1420036
814652
7144
-1614548
-1997443
549834
-92002
-990109
1674909
-1867800
1005658
-1211844
833531
-2084303
-836523
-1690498
-1501802
1273968
630927
1360101
-400050
460793
2014634
801041
-1804165
-24393
-201881
-1717620
1323993
138050
-287071
-1504862
-616415
488771
1192756
-452497
1235934
1379736
-1050903
-1111158
-603558
576106
1705333
1763154
-2144352
-442018
2044671
1057151
2036503
1235316
1765808
-483804
-1481851
-964868
-1502700
-1359587
-208250
-1355622
843272
833986
2001377
1718466
-2002199
1957276
695247
2004551
-908235
227407
-1966478
-1825811
-1002486
563496
608557
-1265481
-513299
1907036
827770
-1966567
201250
628670
1116284
-1178486
676333
-1501008
-1108223
-1006473
-1374750
782510
-2141340
-2127494
-1735471
122707
1823846
-802490
887370
-1022639
-1741075
-1103035
-66549
717865
1802977
48714
399379
920406
1923652
-1925333
401121
1620341
-123763
1163163
1030758
1944903
-1501407
-1054349
78961
741212
309151
-626805
349031
331564
1434794
-986059
867331
2077683
-758574
-987703
-1872152
-2055383
-1856898
-989020
25751
927082
-1656410
787480
1469443
1225569
1040724
506344
992315
-1351126
-1865719
440871
-828171
-1243441
-1683197
-748907
1684203
-258530
571418
389657
-1526208
-2141289
257741
-1144066
-1152722
681776
238091
-2013997
-1363411
-75298
593088
-290757
-1112272
-775447
-898602
-705781
546124
-1987207
2099370
-2078120
339147
1078077
114797
-1321321
-1319484
165036
485628
-589827
-1437039
1411820
1524584
657255
102844
-2016442
-1899288
-1843359
-1691379
-1123715
1057126
-638248
49120
1532698
-1185704
1296503
784668
-1987134
-867033
-2016292
-1729212
974082
1567119
-986984
1966078
-802947
-1247774
1964240
858289
-535826
-478519
-151599
-433987
-1588298
-1296453
1411423
37489
-434749
2098043
1355739
-1464996
1962957
-720342
-282283
-2111400
-1852329
-209770
-1632770
1982495
-2137424
-1989773
-425739
-1100273
656504
-1419895
274286
603106
-1781304
-523423
-459867
537175
1203907
1456435
-724632
-128946
976020
892196
-1877067
1523709
-1748899
-798926
-1009051
-863136
871727
-360880
1843786
848027
-791852
-188069
-1231903
1592541
2040497
417545
-1714608
-847351
-1310252
1958553
816558
1768056
83615
2085926
1414163
-1305530
-1237866
-2121956
-1755035
1298487
1435663
1875271
-1594335
420409
-601092
-1522275
-392160
1904967
102042
1434506
2128918
1161760
-1779720
1026352
-704330
333748
457382
1965245
802545
-465728
1269053
-618258
-318391
583746
989360
-191641
508074
1511558
-40030
178443
483616
392703
2020212
1066459
1130268
-1535949
-475448
-348715
-1887384
698739
-1579406
2014078
-1660615
-1492965
-1618704
651621
-1391664
758150
-234056
-1007483
-408486
235055
-1562902
1367723
-1622999
-695272
-1000723
-1719304
1964737
-1183657
-2079497
-1084366
-504873
-1692670
-552278
1527676
1198928
-1662476
31961
-704219
-1336783
-924650
-671101
-204457
-210610
941765
1508347
1191893
1404794
-31997
-1539405
-665279
78230
-906908
-1782097
-1711169
-1091124
-1187144
-60309
212945
-1182880
-21514
-142498
-1758420
-1262351
1094127
2103560
435999
-1885257
-49904
32485
-1861473
-2008388
-1870209
-1043881
1898339
912280
-1854304
725080
1231952
509215
903684
1764749
1346613
290872
217274
1190769
-209034
-710928
2102124
-1340950
-711039
152876
-1219496
1768112
-51912
-1249280
491512
-782439
1785281
1243808
1847701
-524464
1089978
121181
-1456883
2056499
496264
-786898
771108
1736906
-1461337
-1624269
-1682295
-922206
1932379
-170285
-12674
-1656952
1007617
-15973
1202625
1164668
617555
776763
1444702
1452833
-1895249
136029
-219840
-160523
-687483
-1287421
52614
1565186
1138680
1890424
-1952655
1434809
-465367
-1843965
-205254
1181139
1801964
-1217161
-1555984
38204
-1787327
-1269562
-516006
1325751
-1333404
-1935272
1566186
1725065
-1623046
-949686
684551
-668200
-494203
1869832
1114177
-1302099
-1957976
1333235
645727
1500205
1868774
1105867
-444022
117141
1651074
-271734
896144
375335
-217302
1809453
1848366
-1529798
-887486
-1291751
-202792
741857
-935964
1691255
-1267316
-115616
1283770
-1122057
955444
-1026253
1038853
-800346
1373996
-1214831
1633609
610945
-1398853
2062268
-912989
388640
947787
-576036
-827625
1726652
232873
-2034338
-1577541
122000
1787051
71091
1481621
583121
-563277
2107080
-1092086
-1274346
-898716
-655135
-1497549
-2060526
863602
-601577
492647
923546
-1967831
1163100
633013
-222125
1623699
-1565895
1233631
1840743
-1255180
649244
-906288
-258645
-140124
2017417
631117
550515
1092604
1768150
1446405
-323906
187088
152602
-1717110
-430282
-1383918
42943
298454
-1569190
870118
-1771826
-153681
-1222383
1277224
1258300
-693517
-649901
-484352
143208
-1777837
-2013013
-1731969
-861952
924530
2078854
-1106487
-1864719
-452987
1023840
-382509
807987
-663841
-1461782
-1244676
1008322
-1091535
1743856
-1097477
1225558
-229687
-1430387
892516
-776393
-1158309
364862
-185377
1121354
933124
1960998
-672900
-1734190
929310
-792207
-1392141
-1243493
-1622968
879811
-2135182
2125453
-1072764
-1105041
1918695
721512
-806326
-524349
297027
-1789826
-386721
753048
-1332673
-572541
1280670
954842
-556767
-1081803
-1907534
-649051
831471
300048
1343900
-217553
-375482
-1685939
-1600332
1033801
471033
2060265
414992
-470253
-2047132
-2033291
1653321
2095653
2031663
1752318
3282
2136589
-446419
901725
-83025
430376
1299050
-851291
-168503
-1600272
-59462
-301143
-546091
-294294
1500020
874002
-1778684
-726331
-175436
329207
2008625
-607316
563030
-1701931
1226763
356041
-924830
-575423
-1418929
-910042
2137983
-217418
-1718974
1824822
-1509337
152974
1783052
667227
-1619539
-1344989
-755900
1987782
-96915
1344064
-999403
-56646
-546545
405851
611223
589966
375896
1800108
-1318048
-403530
1453648
-1424195
-514035
-752311
-791728
-900192
1296443
1923201
-1281319
-240201
-1176628
1950909
-751891
-1575783
175223
186126
-265370
-1722712
508600
1684343
131129
-797710
-1414644
345392
-1890706
207645
323501
533587
1131009
-22856
-64985
-478231
952632
-1092466
1365878
-581816
9846
-702851
-1300343
2090486
-1970615
137369
1828424
-1056125
-1808559
-1830203
-99327
1086157
-693497
-1294411
-2001336
-1733582
1150095
729768
-172807
672485
1447817
1300381
864975
-1287851
-1259029
1474715
1932884
1771937
42506
-295386
-2018965
-235532
-753241
246080
832535
-1985130
-349758
64030
-781598
117867
2007977
-1502429
665401
-1186748
-1326410
-14279
-761297
-1879254
-702196
-1874998
-1814486
-1908530
810545
272496
1888331
964967
-187627
1896139
1803697
802958
1787776
-696510
167001
-486239
-229348
-1387689
571160
937476
-791054
852696
-1826678
577596
-1215928
53488
828347
1063735
-145652
-1882834
-1519976
225335
-1455577
-1687892
-56963
948603
384982
1820349
-376566
-111447
-526600
276394
-181362
-614955
-774937
272939
-1191133
-131265
1720278
1796024
861990
-787898
1016707
792784
1121414
456300
94707
1627326
1452261
571323
-1360341
1787738
1426181
-1310736
1926215
1851012
459969
-1081831
-892064
-1148668
525169
-344895
-502490
1254559
-147162
-2013067
-885585
423027
-708898
680776
-570357
-1349269
-529658
-1201676
1185616
248026
1111828
-724394
2114859
1478727
-1590400
1054536
1161169
1087475
-1439779
-1114970
-1149809
-982582
1994773
-589356
-1894341
1687238
854446
634033
-791285
-1478327
-48181
237179
437280
373367
357328
-569485
402891
1639779
-1602343
1685633
1705328
-572859
-1248642
-96598
1270295
-423920
-911212
-1926670
-1202437
-1847821
-1057675
983737
-100209
2132479
-2106509
718944
1661835
-655141
-67046
27937
-346396
590540
-106313
28089
-1440948
-609687
1184223
-8150
2112041
352509
-1629896
1909678
-901131
-1881021
1370555
1642528
558523
-2135833
-8187
1724936
-196955
2034614
300782
1101047
1750654
599480
-1457089
1733467
826435
531375
1859569
2120450
1139411
1874877
1016092
-1225405
-785037
1449289
1959051
1078724
-1472848
-1808207
719771
-1588026
-460129
1732873
7343
717734
-139136
1253947
596990
-783575
1666045
-1311394
-1372071
-455429
-1729626
-2035351
-1638643
933544
9537
462199
-1388639
1465582
-459488
-301175
1359884
2056165
-1042520
-13112
-1135026
-408964
1874346
-1874817
551372
-1453002
1533744
-1384490
-832405
-1249333
2071030
-558160
1420036
814652
7144
-1614548
-1997443
549834
-92002
-990109
1674909
-1867800
1005658
-1211844
833531
-2084303
-836523
-1690498
-1501802
1273968
630927
1360101
-400050
460793
2014634
801041
-1804165
-24393
-201881
-1717620
1323993
138050
-287071
-1504862
-616415
488771
1192756
-452497
1235934
1379736
-1050903
-1111158
-603558
576106
1705333
1763154
-2144352
-442018
2044671
1057151
2036503
1235316
1765808
-483804
-1481851
-964868
-1502700
-1359587
-208250
-1355622
843272
833986
2001377
1718466
-2002199
1957276
695247
2004551
-908235
227407
-1966478
-1825811
-1002486
563496
608557
-1265481
-513299
1907036
827770
-1966567
201250
628670
1116284
-1178486
676333
-1501008
-1108223
-1006473
-1374750
782510
-2141340
-2127494
-1735471
122707
1823846
-802490
887370
-1022639
-1741075
-1103035
-66549
717865
1802977
48714
399379
920406
1923652
-1925333
401121
1620341
-123763
1163163
1030758
1944903
-1501407
-1054349
78961
741212
309151
-626805
349031
331564
1434794
-986059
867331
2077683
-758574
-987703
-1872152
-2055383
-1856898
-989020
25751
927082
-1656410
787480
1469443
1225569
1040724
506344
992315
-1351126
-1865719
440871
-828171
-1243441
-1683197
-748907
1684203
-258530
571418
389657
-1526208
-2141289
257741
-1144066
-1152722
681776
238091
-2013997
-1363411
-75298
593088
-290757
-1112272
-775447
-898602
-705781
546124
-1987207
2099370
-2078120
339147
1078077
114797
-1321321
-1319484
165036
485628
-589827
-1437039
1411820
1524584
657255
102844
-2016442
-1899288
-1843359
-1691379
-1123715
1057126
-638248
49120
1532698
-1185704
1296503
784668
-1987134
-867033
-2016292
-1729212
974082
1567119
-986984
1966078
-802947
-1247774
1964240
858289
-535826
-478519
-151599
-433987
-1588298
-1296453
1411423
37489
-434749
2098043
1355739
-1464996
1962957
-720342
-282283
-2111400
-1852329
-209770
-1632770
1982495
-2137424
-1989773
-425739
-1100273
656504
-1419895
274286
603106
-1781304
-523423
-459867
537175
1203907
1456435
-724632
-128946
976020
892196
-1877067
1523709
-1748899
-798926
-1009051
-863136
871727
-360880
1843786
848027
-791852
-188069
-1231903
1592541
2040497
417545
-1714608
-847351
-1310252
1958553
816558
1768056
83615
2085926
1414163
-1305530
-1237866
-2121956
-1755035
1298487
1435663
1875271
-1594335
420409
-601092
-1522275
-392160
1904967
102042
1434506
2128918
1161760
-1779720
1026352
-704330
333748
457382
1965245
802545
-465728
1269053
-618258
-318391
583746
989360
-191641
508074
1511558
-40030
178443
483616
392703
2020212
1066459
1130268
-1535949
-475448
-348715
-1887384
698739
-1579406
2014078
-1660615
-1492965
-1618704
651621
-1391664
758150
-234056
-1007483
-408486
235055
-1562902
1367723
-1622999
-695272
-1000723
-1719304
1964737
-1183657
-2079497
-1084366
-504873
-1692670
-552278
1527676
1198928
-1662476
31961
-704219
-1336783
-924650
-671101
-204457
-210610
941765
1508347
1191893
1404794
-31997
-1539405
-665279
78230
-906908
-1782097
-1711169
-1091124
-1187144
-60309
212945
-1182880
-21514
-142498
-1758420
-1262351
1094127
2103560
435999
-1885257
-49904
32485
-1861473
-2008388
-1870209
-1043881
1898339
912280
-1854304
725080
1231952
509215
903684
1764749
1346613
290872
217274
1190769
-209034
-710928
2102124
-1340950
-711039
152876
-1219496
1768112
-51912
-1249280
491512
-782439
1785281
1243808
1847701
-524464
1089978
121181
-1456883
2056499
496264
-786898
771108
1736906
-1461337
-1624269
-1682295
-922206
1932379
-170285
-12674
-1656952
1007617
-15973
1202625
1164668
617555
776763
1444702
1452833
-1895249
136029
-219840
-160523
-687483
-1287421
52614
1565186
1138680
1890424
-1952655
1434809
-465367
-1843965
-205254
1181139
1801964
-1217161
-1555984
38204
-1787327
-1269562
-516006
1325751
-1333404
-1935272
1566186
1725065
-1623046
-949686
684551
-668200
-494203
1869832
1114177
-1302099
-1957976
1333235
645727
1500205
1868774
1105867
-444022
117141
1651074
-271734
896144
375335
-217302
1809453
1848366
-1529798
-887486
-1291751
-202792
741857
-935964
1691255
-1267316
-115616
1283770
-1122057
955444
-1026253
1038853
-800346
1373996
-1214831
1633609
610945
-1398853
2062268
-912989
388640
947787
-576036
-827625
1726652
232873
-2034338
-1577541
122000
1787051
71091
1481621
583121
-563277
2107080
-1092086
-1274346
-898716
-655135
-1497549
-2060526
863602
-601577
492647
923546
-1967831
1163100
633013
-222125
1623699
-1565895
1233631
1840743
-1255180
649244
-906288
-258645
-140124
2017417
631117
550515
1092604
1768150
1446405
-323906
187088
152602
-1717110
-430282
-1383918
42943
298454
-1569190
870118
-1771826
-153681
-1222383
1277224
1258300
-693517
-649901
-484352
143208
-1777837
-2013013
-1731969
-861952
924530
2078854
-1106487
-1864719
-452987
1023840
-382509
807987
-663841
-1461782
-1244676
1008322
-1091535
1743856
-1097477
1225558
-229687
-1430387
892516
-776393
-1158309
364862
-185377
1121354
933124
1960998
-672900
-1734190
929310
-792207
-1392141
-1243493
-1622968
879811
-2135182
2125453
-1072764
-1105041
1918695
721512
-806326
-524349
297027
-1789826
-386721
753048
-1332673
-572541
1280670
954842
-556767
-1081803
-1907534
-649051
831471
300048
1343900
-217553
-375482
-1685939
-1600332
1033801
471033
2060265
414992
-470253
-2047132
-2033291
1653321
2095653
2031663
1752318
3282
2136589
-446419
901725
-83025
430376
1299050
-851291
-168503
-1600272
-59462
-301143
-546091
-294294
1500020
874002
-1778684
-726331
-175436
329207
2008625
-607316
563030
-1701931
1226763
356041
-924830
-575423
-1418929
-910042
2137983
-217418
-1718974
1824822
-1509337
152974
1783052
667227
-1619539
-1344989
-755900
1987782
-96915
1344064
-999403
-56646
-546545
405851
611223
589966
375896
1800108
-1318048
-403530
1453648
-1424195
-514035
-752311
-791728
-900192
1296443
1923201
-1281319
-240201
-1176628
1950909
-751891
-1575783
175223
186126
-265370
-1722712
508600
1684343
131129
-797710
-1414644
345392
-1890706
207645
323501
533587
1131009
-22856
-64985
-478231
952632
-1092466
1365878
-581816
9846
-702851
-1300343
2090486
-1970615
137369
1828424
-1056125
-1808559
-1830203
-99327
1086157
-693497
-1294411
-2001336
-1733582
1150095
729768
-172807
672485
1447817
1300381
864975
-1287851
-1259029
1474715
1932884
1771937
42506
-295386
-2018965
-235532
-753241
246080
832535
-1985130
-349758
64030
-781598
117867
2007977
-1502429
665401
-1186748
-1326410
-14279
-761297
-1879254
-702196
-1874998
-1814486
-1908530
810545
272496
1888331
964967
-187627
1896139
1803697
802958
1787776
-696510
167001
-486239
-229348
-1387689
571160
937476
-791054
852696
-1826678
577596
-1215928
53488
828347
1063735
-145652
-1882834
-1519976
225335
-1455577
-1687892
-56963
948603
384982
1820349
-376566
-111447
-526600
276394
-181362
-614955
-774937
272939
-1191133
-131265
1720278
1796024
861990
-787898
1016707
792784
1121414
456300
94707
1627326
1452261
571323
-1360341
1787738
1426181
-1310736
1926215
1851012
459969
-1081831
-892064
-1148668
525169
-344895
-502490
1254559
-147162
-2013067
-885585
423027
-708898
680776
-570357
-1349269
-529658
-1201676
1185616
248026
1111828
-724394
2114859
1478727
-1590400
1054536
1161169
1087475
-1439779
-1114970
-1149809
-982582
1994773
-589356
-1894341
1687238
854446
634033
-791285
-1478327
-48181
237179
437280
373367
357328
-569485
402891
1639779
-1602343
1685633
1705328
-572859
-1248642
-96598
1270295
-423920
-911212
-1926670
-1202437
-1847821
-1057675
983737
-100209
2132479
-2106509
718944
1661835
-655141
-67046
27937
-346396
590540
-106313
28089
-1440948
-609687
1184223
-8150
2112041
352509
-1629896
1909678
-901131
-1881021
1370555
1642528
558523
-2135833
-8187
1724936
-196955
2034614
300782
1101047
1750654
599480
-1457089
1733467
826435
531375
1859569
2120450
1139411
1874877
1016092
-1225405
-785037
1449289
1959051
1078724
-1472848
-1808207
719771
-1588026
-460129
1732873
7343
717734
-139136
1253947
596990
-783575
1666045
-1311394
-1372071
-455429
-1729626
-2035351
-1638643
933544
9537
462199
-1388639
1465582
-459488
-301175
1359884
2056165
-1042520
-13112
-1135026
-408964
1874346
-1874817
551372
-1453002
1533744
-1384490
-832405
-1249333
2071030
-558160
1420036
814652
7144
-1614548
-1997443
549834
-92002
-990109
1674909
-1867800
1005658
-1211844
833531
-2084303
-836523
-1690498
-1501802
1273968
630927
1360101
-400050
460793
2014634
801041
-1804165
-24393
-201881
-1717620
1323993
138050
-287071
-1504862
-616415
488771
1192756
-452497
1235934
1379736
-1050903
-1111158
-603558
576106
1705333
1763154
-2144352
-442018
2044671
1057151
2036503
1235316
1765808
-483804
-1481851
-964868
-1502700
-1359587
-208250
-1355622
843272
833986
2001377
1718466
-2002199
1957276
695247
2004551
-908235
227407
-1966478
-1825811
-1002486
563496
608557
-1265481
-513299
1907036
827770
-1966567
201250
628670
1116284
-1178486
676333
-1501008
-1108223
-1006473
-1374750
782510
-2141340
-2127494
-1735471
122707
1823846
-802490
887370
-1022639
-1741075
-1103035
-66549
717865
1802977
48714
399379
920406
1923652
-1925333
401121
1620341
-123763
1163163
1030758
1944903
-1501407
-1054349
78961
741212
309151
-626805
349031
331564
1434794
-986059
867331
2077683
-758574
-987703
-1872152
-2055383
-1856898
-989020
25751
927082
-1656410
787480
1469443
1225569
1040724
506344
992315
-1351126
-1865719
440871
-828171
-1243441
-1683197
-748907
1684203
-258530
571418
389657
-1526208
-2141289
257741
-1144066
-1152722
681776
238091
-2013997
-1363411
-75298
593088
-290757
-1112272
-775447
-898602
-705781
546124
-1987207
2099370
-2078120
339147
1078077
114797
-1321321
-1319484
165036
485628
-589827
-1437039
1411820
1524584
657255
102844
-2016442
-1899288
-1843359
-1691379
-1123715
1057126
-638248
49120
1532698
-1185704
1296503
784668
-1987134
-867033
-2016292
-1729212
974082
1567119
-986984
1966078
-802947
-1247774
1964240
858289
-535826
-478519
-151599
-433987
-1588298
-1296453
1411423
37489
-434749
2098043
1355739
-1464996
1962957
-720342
-282283
-2111400
-1852329
-209770
-1632770
1982495
-2137424
-1989773
-425739
-1100273
656504
-1419895
274286
603106
-1781304
-523423
-459867
537175
1203907
1456435
-724632
-128946
976020
892196
-1877067
1523709
-1748899
-798926
-1009051
-863136
871727
-360880
1843786
848027
-791852
-188069
-1231903
1592541
2040497
417545
-1714608
-847351
-1310252
1958553
816558
1768056
83615
2085926
1414163
-1305530
-1237866
-2121956
-1755035
1298487
1435663
1875271
-1594335
420409
-601092
-1522275
-392160
1904967
102042
1434506
2128918
1161760
-1779720
1026352
-704330
333748
457382
1965245
802545
-465728
1269053
-618258
-318391
583746
989360
-191641
508074
1511558
-40030
178443
483616
392703
2020212
1066459
1130268
-1535949
-475448
-348715
-1887384
698739
-1579406
2014078
-1660615
-1492965
-1618704
651621
-1391664
758150
-234056
-1007483
-408486
235055
-1562902
1367723
-1622999
-695272
-1000723
-1719304
1964737
-1183657
-2079497
-1084366
-504873
-1692670
-552278
1527676
1198928
-1662476
31961
-704219
-1336783
-924650
-671101
-204457
-210610
941765
1508347
1191893
1404794
-31997
-1539405
-665279
78230
-906908
-1782097
-1711169
-1091124
-1187144
-60309
212945
-1182880
-21514
-142498
-1758420
-1262351
1094127
2103560
435999
-1885257
-49904
32485
-1861473
-2008388
-1870209
-1043881
1898339
912280
-1854304
725080
1231952
509215
903684
1764749
1346613
290872
217274
1190769
-209034
-710928
2102124
-1340950
-711039
152876
-1219496
1768112
-51912
-1249280
491512
-782439
1785281
1243808
1847701
-524464
1089978
121181
-1456883
2056499
496264
-786898
771108
1736906
-1461337
-1624269
-1682295
-922206
1932379
-170285
-12674
-1656952
1007617
-15973
1202625
1164668
617555
776763
1444702
1452833
-1895249
136029
-219840
-160523
-687483
-1287421
52614
1565186
1138680
1890424
-1952655
1434809
-465367
-1843965
-205254
1181139
1801964
-1217161
-1555984
38204
-1787327
-1269562
-516006
1325751
-1333404
-1935272
1566186
1725065
-1623046
-949686
684551
-668200
-494203
1869832
1114177
-1302099
-1957976
1333235
645727
1500205
1868774
1105867
-444022
117141
1651074
-271734
896144
375335
-217302
1809453
1848366
-1529798
-887486
-1291751
-202792
741857
-935964
1691255
-1267316
-115616
1283770
-1122057
955444
-1026253
1038853
-800346
1373996
-1214831
1633609
610945
-1398853
2062268
-912989
388640
947787
-576036
-827625
1726652
232873
-2034338
-1577541
122000
1787051
71091
1481621
583121
-563277
2107080
-1092086
-1274346
-898716
-655135
-1497549
-2060526
863602
-601577
492647
923546
-1967831
1163100
633013
-222125
1623699
-1565895
1233631
1840743
-1255180
649244
-906288
-258645
-140124
2017417
631117
550515
1092604
1768150
1446405
-323906
187088
152602
-1717110
-430282
-1383918
42943
298454
-1569190
870118
-1771826
-153681
-1222383
1277224
1258300
-693517
-649901
-484352
143208
-1777837
-2013013
-1731969
-861952
924530
2078854
-1106487
-1864719
-452987
1023840
-382509
807987
-663841
-1461782
-1244676
1008322
-1091535
1743856
-1097477
1225558
-229687
-1430387
892516
-776393
-1158309
364862
-185377
1121354
933124
1960998
-672900
-1734190
929310
-792207
-1392141
-1243493
-1622968
879811
-2135182
2125453
-1072764
-1105041
1918695
721512
-806326
-524349
297027
-1789826
-386721
753048
-1332673
-572541
1280670
954842
-556767
-1081803
-1907534
-649051
831471
300048
1343900
-217553
-375482
-1685939
-1600332
1033801
471033
2060265
414992
-470253
-2047132
-2033291
1653321
2095653
2031663
1752318
3282
2136589
-446419
901725
-83025
430376
1299050
-851291
-168503
-1600272
-59462
-301143
-546091
-294294
1500020
874002
-1778684
-726331
-175436
329207
2008625
-607316
563030
-1701931
1226763
356041
-924830
-575423
-1418929
-910042
2137983
-217418
-1718974
1824822
-1509337
152974
1783052
667227
-1619539
-1344989
-755900
1987782
-96915
1344064
-999403
-56646
-546545
405851
611223
589966
375896
1800108
-1318048
-403530
1453648
-1424195
-514035
-752311
-791728
-900192
1296443
1923201
-1281319
-240201
-1176628
1950909
-751891
-1575783
175223
186126
-265370
-1722712
508600
1684343
131129
-797710
-1414644
345392
-1890706
207645
323501
533587
1131009
-22856
-64985
-478231
952632
-1092466
1365878
-581816
9846
-702851
-1300343
2090486
-1970615
137369
1828424
-1056125
-1808559
-1830203
-99327
1086157
-693497
-1294411
-2001336
-1733582
1150095
729768
-172807
672485
1447817
1300381
864975
-1287851
-1259029
1474715
1932884
1771937
42506
-295386
-2018965
-235532
-753241
246080
832535
-1985130
-349758
64030
-781598
117867
2007977
-1502429
665401
-1186748
-1326410
-14279
-761297
-1879254
-702196
-1874998
-1814486
-1908530
810545
272496
1888331
964967
-187627
1896139
1803697
802958
1787776
-696510
167001
-486239
-229348
-1387689
571160
937476
-791054
852696
-1826678
577596
-1215928
53488
828347
1063735
-145652
-1882834
-1519976
225335
-1455577
-1687892
-56963
948603
384982
1820349
-376566
-111447
-526600
276394
-181362
-614955
-774937
272939
-1191133
-131265
1720278
1796024
861990
-787898
1016707
792784
1121414
456300
94707
1627326
1452261
571323
-1360341
1787738
1426181
-1310736
1926215
1851012
459969
-1081831
-892064
-1148668
525169
-344895
-502490
1254559
-147162
-2013067
-885585
423027
-708898
680776
-570357
-1349269
-529658
-1201676
1185616
248026
1111828
-724394
2114859
1478727
-1590400
1054536
1161169
1087475
-1439779
-1114970
-1149809
-982582
1994773
-589356
-1894341
1687238
854446
634033
-791285
-1478327
-48181
237179
437280
373367
357328
-569485
402891
1639779
-1602343
1685633
1705328
-572859
-1248642
-96598
1270295
-423920
-911212
-1926670
-1202437
-1847821
-1057675
983737
-100209
2132479
-2106509
718944
1661835
-655141
-67046
27937
-346396
590540
-106313
28089
-1440948
-609687
1184223
-8150
2112041
352509
-1629896
1909678
-901131
-1881021
1370555
1642528
558523
-2135833
-8187
1724936
-196955
2034614
300782
1101047
1750654
599480
-1457089
1733467
826435
531375
1859569
2120450
1139411
1874877
1016092
-1225405
-785037
1449289
1959051
1078724
-1472848
-1808207
719771
-1588026
-460129
1732873
7343
717734
-139136
1253947
596990
-783575
1666045
-1311394
-1372071
-455429
-1729626
-2035351
-1638643
933544
9537
462199
-1388639
1465582
-459488
-301175
1359884
2056165
-1042520
-13112
-1135026
-408964
1874346
-1874817
551372
-1453002
1533744
-1384490
-832405
-1249333
2071030
-558160
1420036
814652
7144
-1614548
-1997443
549834
-92002
-990109
1674909
-1867800
1005658
-1211844
833531
-2084303
-836523
-1690498
-1501802
1273968
630927
1360101
-400050
460793
2014634
801041
-1804165
-24393
-201881
-1717620
1323993
138050
-287071
-1504862
-616415
488771
1192756
-452497
1235934
1379736
-1050903
-1111158
-603558
576106
1705333
1763154
-2144352
-442018
2044671
1057151
2036503
1235316
1765808
-483804
-1481851
-964868
-1502700
-1359587
-208250
-1355622
843272
833986
2001377
1718466
-2002199
1957276
695247
2004551
-908235
227407
-1966478
-1825811
-1002486
563496
608557
-1265481
-513299
1907036
827770
-1966567
201250
628670
1116284
-1178486
676333
-1501008
-1108223
-1006473
-1374750
782510
-2141340
-2127494
-1735471
122707
1823846
-802490
887370
-1022639
-1741075
-1103035
-66549
717865
1802977
48714
399379
920406
1923652
-1925333
401121
1620341
-123763
1163163
1030758
1944903
-1501407
-1054349
78961
741212
309151
-626805
349031
331564
1434794
-986059
867331
2077683
-758574
-987703
-1872152
-2055383
-1856898
-989020
25751
927082
-1656410
787480
1469443
1225569
1040724
506344
992315
-1351126
-1865719
440871
-828171
-1243441
-1683197
-748907
1684203
-258530
571418
389657
-1526208
-2141289
257741
-1144066
-1152722
681776
238091
-2013997
-1363411
-75298
593088
-290757
-1112272
-775447
-898602
-705781
546124
-1987207
2099370
-2078120
339147
1078077
114797
-1321321
-1319484
165036
485628
-589827
-1437039
1411820
1524584
657255
102844
-2016442
-1899288
-1843359
-1691379
-1123715
1057126
-638248
49120
1532698
-1185704
1296503
784668
-1987134
-867033
-2016292
-1729212
974082
1567119
-986984
1966078
-802947
-1247774
1964240
858289
-535826
-478519
-151599
-433987
-1588298
-1296453
1411423
37489
-434749
2098043
1355739
-1464996
1962957
-720342
-282283
-2111400
-1852329
-209770
-1632770
1982495
-2137424
-1989773
-425739
-1100273
656504
-1419895
274286
603106
-1781304
-523423
-459867
537175
1203907
1456435
-724632
-128946
976020
892196
-1877067
1523709
-1748899
-798926
-1009051
-863136
871727
-360880
1843786
848027
-791852
-188069
-1231903
1592541
2040497
417545
-1714608
-847351
-1310252
1958553
816558
1768056
83615
2085926
1414163
-1305530
-1237866
-2121956
-1755035
1298487
1435663
1875271
-1594335
420409
-601092
-1522275
-392160
1904967
102042
1434506
2128918
1161760
-1779720
1026352
-704330
333748
457382
1965245
802545
-465728
1269053
-618258
-318391
583746
989360
-191641
508074
1511558
-40030
178443
483616
392703
2020212
1066459
1130268
-1535949
-475448
-348715
-1887384
698739
-1579406
2014078
-1660615
-1492965
-1618704
651621
-1391664
758150
-234056
-1007483
-408486
235055
-1562902
1367723
-1622999
-695272
-1000723
-1719304
1964737
-1183657
-2079497
-1084366
-504873
-1692670
-552278
1527676
1198928
-1662476
31961
-704219
-1336783
-924650
-671101
-204457
-210610
941765
1508347
1191893
1404794
-31997
-1539405
-665279
78230
-906908
-1782097
-1711169
-1091124
-1187144
-60309
212945
-1182880
-21514
-142498
-1758420
-1262351
1094127
2103560
435999
-1885257
-49904
32485
-1861473
-2008388
-1870209
-1043881
1898339
912280
-1854304
725080
1231952
509215
903684
1764749
1346613
290872
217274
1190769
-209034
-710928
2102124
-1340950
-711039
152876
-1219496
1768112
-51912
-1249280
491512
-782439
1785281
1243808
1847701
-524464
1089978
121181
-1456883
2056499
496264
-786898
771108
1736906
-1461337
